8817.000000
7657.550000
6472.380000
5278.580000
4082.760000
2887.410000
1695.580000
514.790000
514.790000
514.790000
514.790000
514.790000
514.790000
514.790000
514.790000
514.790000
514.790000
514.790000
514.790000
514.790000
514.790000
514.790000
514.790000
514.790000
514.790000
514.790000
514.790000
514.790000
514.790000
514.790000
514.790000
514.790000
514.790000
514.790000
514.790000
514.790000
514.790000
514.790000
514.790000
514.790000
514.790000
514.790000
514.790000
514.790000
514.790000
514.790000
514.790000
514.790000
514.790000
514.790000
514.790000
514.790000
514.790000
514.790000
514.790000
514.790000
514.790000
514.790000
514.790000
514.790000
514.790000
514.790000
514.790000
514.790000
514.790000
514.790000
514.790000
514.790000
514.790000
514.790000
514.790000
514.790000
514.790000
514.790000
514.790000
514.790000
514.790000
514.790000
514.790000
514.790000
514.790000
514.790000
514.790000
514.790000
514.790000
514.790000
514.790000
514.790000
514.790000
514.790000
514.790000
514.790000
514.790000
514.790000
514.790000
514.790000
514.790000
514.790000
514.790000
514.790000
514.790000
514.790000
514.790000
514.790000
514.790000
514.790000
514.790000
514.790000
514.790000
514.790000
514.790000
514.790000
514.790000
514.790000
514.790000
514.790000
514.790000
514.790000
514.790000
514.790000
514.790000
514.790000
514.790000
514.790000
514.790000
514.790000
514.790000
514.790000
514.790000
514.790000
514.790000
514.790000
514.790000
514.790000
514.790000
514.790000
514.790000
514.790000
514.790000
514.790000
514.790000
514.790000
514.790000
514.790000
514.790000
514.790000
514.790000
514.790000
514.790000
514.790000
514.790000
514.790000
514.790000
514.790000
514.790000
514.790000
514.790000
514.790000
514.790000
514.790000
514.790000
514.790000
514.790000
514.790000
514.790000
514.790000
514.790000
514.790000
514.790000
514.790000
514.790000
514.790000
514.790000
514.790000
514.790000
514.790000
514.790000
514.790000
514.790000
514.790000
514.790000
514.790000
514.790000
514.790000
514.790000
514.790000
514.790000
514.790000
514.790000
514.790000
514.790000
514.790000
514.790000
514.790000
514.790000
514.790000
514.790000
514.790000
514.790000
514.790000
514.790000
514.790000
514.790000
514.790000
514.790000
514.790000
514.790000
514.790000
514.790000
514.790000
514.790000
514.790000
514.790000
514.790000
514.790000
514.790000
514.790000
514.790000
514.790000
514.790000
514.790000
514.790000
514.790000
514.790000
514.790000
514.790000
514.790000
514.790000
514.790000
514.790000
514.790000
514.790000
514.790000
514.790000
514.790000
514.790000
514.790000
514.790000
514.790000
514.790000
514.790000
514.790000
514.790000
514.790000
514.790000
514.790000
514.790000
514.790000
514.790000
514.790000
514.790000
514.790000
	-9485.210000